0.017171679820494796
0.7643567680563399
0.3227507922927181
0.14151829340988298
-2.209098355113308
0.0034731956098568713
-0.5355325319193697
1.0966768481612625
-0.6489337966680901
0.6253441100789314
0.31153894733164994
-0.6109137581124763
1.425448673474584
0.6965573635246565
-1.0029242544457297
-3.025970044378015
-0.9403852139078247
1.0528990072417967
-0.9690448815033936
-0.9462834878889885
-0.6956115828405582
-0.6674828628274873
-0.9541329649170066
1.0965296741380142
-1.4391770692728805
1.4685429796500098
-0.2902622138181017
0.2524724841554161
0.7207323166902133
-0.2931447386317408
-0.5878173301618688
0.7123527268853189
-0.02568616991948649
-0.3845394902057885
0.7986752151555837
0.9300582981308051
-0.7468624142892725
-1.4832505611573346
-1.3201481588165345
-1.708063139222395
-0.7579958915976992
1.6728620217957852
0.06761010697816962
0.6349088173063525
1.8119572643948951
0.9705885190759083
-0.4804394028436839
-0.3320224640627852
-0.5702956290582949
0.6555928858728959
-0.27036563044776896
-1.164181665688198
-0.3011269911685247
-0.7169192669594753
-2.392967041346819
-1.0919853712318086
0.028016796268803185
1.1905504498997226
0.5237275879990773
-0.0782017907353851
0.8225920602593322
0.939786272508301
-0.3640381225310667
0.11845384043942571
-0.5772128222813909
-0.5710501420660429
0.19117104069587815
0.057982571691658026
3.1900046317170014
-0.7319753102489891
-0.8175265764717647
0.805972727725672
-0.7540687476815701
-0.6665072514579209
0.8848909030845055
-0.5086581760405638
-0.5410484324726069
-0.678762360957001
-1.2918756025048206
-0.968550194709614
-0.2517483030928488
-1.628980889592986
-0.342344716421612
-0.8138820073049525
-2.5472116368654896
-0.8813597713657151
0.4894824710423462
-0.6996260771646289
0.3720486227641572
-0.8691003044264953
1.5007302459028453
0.5566217554875807
0.7762566465390122
-0.8476186701435254
0.76323153373562
0.39177334753223725
-0.0903586719453905
0.5633522634939879
-2.475875809380081
-0.9765281641447969
