-0.5251068602490574
1.5794609310353354
0.6474106081394474
0.7098841015766433
-1.1142381620343051
-0.7839602419282081
1.6969409698743922
-0.5218031532751207
-0.8085041767639674
-0.09215560132102446
-2.0093776787608397
-0.9583630289253325
2.0521524931625765
1.9184705957592059
-0.31264950369022726
0.5405384463594776
-0.12067497949656764
0.5819710739624626
-1.0498838752311486
1.649880320573242
-0.2427557456145739
-0.8000978283256849
-0.372016149532828
-0.8149605825828673
-0.3193072730810304
0.05382202794764068
-0.8903023418038164
-1.193328787284629
-0.275746681892034
1.0274221821854874
0.139451501063554
-1.0903517583199815
0.8471865377765019
0.57450471627487
-1.1731441899845245
-0.6369565430414947
-0.3475887914495484
1.6075746451770383
-2.238312104049916
-1.525970043108855
0.5493998541690724
-1.335959860993413
-0.34115774520800346
0.634910215947677
1.1359059055265162
-0.8273769640173402
-0.806399373911128
0.6643075849104315
-0.7287566275259518
0.1267927506156819
0.007043037475931834
-1.5703080402176344
-0.7134537740080101
0.32831612001558685
0.07096296427628214
-0.013949156214532242
1.464403578991757
-0.21669800856431795
-1.1743055594685337
0.273781844673901
-0.621616605858261
-2.0597724814207514
-0.19294866709704592
-1.8418641510425477
-0.7692956866203897
-0.3550669810857388
1.45578284325085
-0.16836376422214078
-1.8822639707794766
0.023405866414603158
0.3589591783876709
1.3721150712677492
0.9850520109144603
-0.3938970961990011
0.01664870436310357
-1.1703252971757525
0.22573192524343844
0.42695641752284696
1.9661076744536405
-0.47826231471105635
0.4733155929537231
-2.233852525627198
-1.5627507678349855
1.9454678536665861
-0.1142252581680574
-1.3769391564173723
-0.13856181373215704
-0.43868227384482
0.06842068443584236
0.42163002957076606
0.8808440783948189
-1.3926325725246966
-3.0175851392820014
-1.527678425390881
0.32939901514021624
-2.02439638118325
-0.6471686555525163
-0.9383303158394775
-0.07922736261276894
-0.33157017267866606
