1.750217239823003
0.6149969581211892
1.2753101352246676
1.6220541443053182
1.9703555865922713
1.6308561398536483
1.7138134170135289
0.6443937944357906
0.8640034157697517
1.03539246273186
-0.6175668736627151
1.6479066864898297
0.7553706049789308
0.11023113109175853
1.6548001344984908
-0.587747295845894
1.047042268100494
-0.1139899936495885
0.9326914971858608
2.8920818119517744
1.676164678588068
1.7418521582223634
2.6308741232856736
1.494205792540472
2.55814371822172
0.31762005429587603
0.4090389217845757
0.9878578799203832
1.045728195640779
0.8797074145308713
0.8925870463874852
0.3403254279580893
2.2113865933610417
0.3700681863679224
1.0405998330427237
2.3992731662364193
0.5408219076226907
-0.052359015512164264
0.7597602752422264
0.9424533988798308
-0.6960189958128566
2.322895523170855
1.782063628604043
-0.01603824712217805
0.05454436046082023
1.137281495468674
1.3381842086863045
3.1679253132444396
1.0307086895237298
0.2425350927699469
0.733287731355944
0.1862577406256326
2.140862511148179
1.7719644064081852
1.1915127740478195
2.225579529134233
3.2652334952425277
0.24657487767587805
0.5906697146555793
2.1118258374008385
1.7144400557473376
0.0378057538933293
0.9301007695863903
0.8917722521819066
0.5528742621006414
1.8017567924767977
1.7924479778617264
0.9142680462368733
2.5734742646424977
2.753811924899077
1.170696207228136
1.1923264141272474
1.4219433346304569
-0.017011435667923402
-0.10854027661356458
1.2175214704437347
1.0720888102023138
1.24910653699657
2.6001547927423703
2.66534923682895
0.48661109391081414
0.6599179431893241
2.6802644831190072
1.628249550792122
2.331281428653936
0.04891837171856106
1.6315784259934771
-0.20334666840918358
1.184358470672572
1.743210821801098
2.376151656105658
0.5804723629355439
0.9799684442943064
2.750806401387595
0.42852987310234725
0.14479553553689706
2.1802212325614807
1.2351878123191253
0.35518891416104714
-0.5855084030773992
