0.5997691286407034
0.6287013297082921
1.3000363680604894
-0.3309688684696832
-0.6727365578359177
0.4353823681720218
-0.02386326443102682
1.0900485365167913
1.151103253753198
1.3393674134368134
2.8260125514339
1.6324443065425343
1.9288801070870012
0.17440987472181774
1.2276182288239226
1.7450901457985302
-2.1516250264506054
2.6563381722019166
0.6440448893103162
-0.3175786156911249
1.0282780007884007
-0.21510300464588028
-0.3535906198007387
-1.593243410573022
-1.1298601168278415
0.9869452020056897
-1.0757117652115953
0.5251488740078296
1.063363772012068
0.25261291893741344
1.1029618590220789
-1.573280501975527
-1.6957188480072753
0.4201101408821041
1.8318061646561414
-0.8227528568222549
1.9140439626321746
2.5391018308446553
-0.5195021858768523
0.4485305093163554
-0.08491154268728296
0.3012567235862641
2.7007305115779974
0.35443048888112405
0.19122708710318254
-0.011520238070433564
1.904311403193464
2.2969709968226155
-0.9954693775116219
-0.650912384459368
0.19868633604559238
-0.026739138510727845
1.7640001585688483
-1.66759322207573
0.08526625552053069
1.4886716862383083
1.8889822684383348
1.1415794502482297
0.07703567298562114
1.154970826021529
-0.5623866916955407
2.077032428656319
0.48226896017912013
-1.2607552168641114
-2.1770911798905606
-0.23290970505622077
-0.026306275691862946
1.367552757284375
0.010409500892308965
0.8977461503275389
-0.3545116944702733
1.0099392371666471
0.9226408780877148
0.23640755449233658
2.852549484656481
-0.4296946451384194
-0.9914773252305544
1.1659753957487042
1.7590506591426873
1.8745038717088394
0.8406623070372783
-0.361521277210074
-2.4476092575794923
0.21902996368125138
1.1842525090012936
0.8773927891934141
0.48876977200134125
1.5500412044893748
-0.5361352665898143
-1.6884044998060985
0.8015878006859687
0.8875534119192849
1.1390093348634072
-0.13695919920039057
1.3962416607325498
1.7348450775874407
0.12584876235971276
1.5678300589149734
1.213391561186358
1.8852434207171314
