-1.3655498156805868
-1.9503755843804407
-2.2225262678506303
-0.8368517829411612
0.6536154687016853
-0.49491960362801063
0.19098151496300675
0.4209315373359458
0.4782220385734901
-1.3977839034249264
0.8196418889961163
-0.45462007089690665
-0.11621358763802825
1.8172486080221986
-0.251883228377063
-1.0928475438958731
0.6542252391203429
-0.04209259384107383
-1.2229467770881564
-0.5160385311536513
-0.6308725282623662
-1.592904040962407
-0.9815077479761691
0.9919293281704609
-0.31204006561105113
-1.8250403082809332
0.6116995815278254
0.8700656957297572
-0.18233104637009734
-1.18352276857034
0.7275367195627032
-3.477620223830191
-1.2522210507527862
-2.0782346624492583
0.2425773014329481
0.41403224695120455
-2.1192104761446497
-0.07341048445348941
0.23753282864614733
1.6210505869106049
0.006268605479844536
-0.5751613021701734
-1.5559943974447024
0.016158478406354315
1.4114061406889877
-1.8531702938170433
0.08759393337641685
-0.39407352840196114
0.359436288796653
-0.44529273303669187
-0.7574855702924825
-0.7683345308418155
-1.6260711140438404
-0.9557726664846713
0.8892725523497622
-0.7700199580945513
-1.5253203050404793
-1.213977742729127
-0.22356740218737475
-0.11203511254496118
-1.1262107363097786
0.004765720471724522
0.12342349890534332
0.47386721241182894
-1.7617307343352253
0.9902626513715029
-1.299201461280283
-0.9815820552894443
-2.5353666866348266
0.3578271105865134
-0.35779873256548456
-0.07293239365472642
-0.620462566721771
0.38967981297421206
-0.5331865355748933
0.20406912541530486
-0.9019724978864576
-0.6474560936201235
-2.2513656264043327
-1.950335115002991
0.3939641522100398
-1.7262810775967161
-0.58493971095147
0.2188250199565852
-0.6808548320152619
1.8197063256268473
0.4012386930721683
-0.10677904622543788
-0.44016887692371987
-1.5896404199417122
-2.536131748197552
-2.5589603900626035
0.9858285626590608
-0.5520345408712649
-0.7103194571933212
-0.19504715463738054
0.01810007497032451
-0.16913247624581323
-1.4997386442653116
0.6706079079484408
