-0.0036203660395666137
-1.423903770994896
-0.7461537689845763
-1.3789048416355474
-2.083109252219643
-2.509543090788103
0.3970208286993804
-2.3824738918595263
-0.009999529455077316
0.13978914265818987
-1.253393038713186
-1.4856411195258103
-1.8179588326104295
0.732924519628817
0.13310427616831322
-1.9822655758810244
-0.8794070094763469
1.0804836086132057
-1.2267770572870909
-1.6556676380201667
-3.3994731877035744
1.0856079451264669
-1.2495516293156472
-1.8457590729536428
-0.5192998490658445
-0.28151261138785744
-1.6427561830696646
-2.2394840577876662
0.07876854495258345
-1.6629542256574323
0.026259493976556803
-3.238867432840656
1.2343942063955091
-2.224087065548858
-0.4819764766689896
-2.7109335762570956
-0.7423812727584551
-0.9784506311663732
-2.6520893823946996
-1.915461587733759
-2.049679586333804
-1.5144463773738224
-1.1636477454982228
-0.03403592645712361
-1.7796189486518061
-1.1338652345386007
-2.03643312597839
-0.6676460432914484
-1.5706170912474147
-2.3635492737818913
1.4718148645823206
1.6159871681254683
-2.996511748880182
-0.624089586372732
-2.6689239572456236
-0.6095272752194876
-0.28680739718183423
-1.133298541453408
-0.13183345347511155
-1.288780676930837
-0.3023764828134915
1.0824113704421392
-0.7416363777254169
-0.7302082546447337
-1.0788657433684246
0.23812956247582173
-0.9885068764453578
-1.4338037322626023
0.05217106961677276
0.4961827699005943
-0.026798548286415702
-0.6618985597682645
-0.490392301463768
-1.8309423057300311
-0.754269730473103
0.0341501069634198
-3.5279986193020543
-0.33322481022432215
-2.1404707267535907
-0.752738660837726
-0.954849030925452
-1.4001720134235678
-2.611343474526448
-0.8696408421588944
-1.4005359851617412
1.0423720266873557
-0.6628195168346469
0.0033289180382842787
-1.2951391885395753
-0.15845105074524846
0.4730159872031925
0.17580637309896718
-0.775453676359484
-1.6111971220151284
-0.30116314041759873
1.1348967489383717
0.8346097199817568
-0.8118769319456574
-1.3859129102430932
0.07408867715007372
